-318.3333333333333
32.27272727272727
76.0
57.5
55.714285714285715
195.0
201.8181818181818
-197.22222222222223
65.71428571428571
438.75
-75.29411764705883
161.25
-179.58333333333334
-65.0
-265.0
-82.04545454545455
149.44444444444446
60.714285714285715
343.3333333333333
382.5
-214.16666666666666
-214.28571428571428
-3.75
63.888888888888886
146.25
-98.88888888888889
-61.25
115.45454545454545
-98.63636363636364
223.33333333333334
-339.0
108.05555555555556
199.54545454545453
48.5
261.0
-485.0
-181.66666666666666
43.75
245.0
-62.5
-162.5
-45.0
194.28571428571428
23.076923076923077
-50.90909090909091
124.54545454545455
-279.44444444444446
-168.75
61.15384615384615
-194.16666666666666
322.0
-103.57142857142857
44.04761904761905
55.833333333333336
